             o  ,    o  ,                                        DERRY                                 Astronomical Applications Dept.
Location: W007 14, N55 00                          Rise and Set for the Sun for 2018                   U. S. Naval Observatory        
                                                                                                       Washington, DC  20392-5420     
                                                            Universal Time                                                            
                                                                                                                                      
                                                                                                                                      
       Jan.       Feb.       Mar.       Apr.       May        June       July       Aug.       Sept.      Oct.       Nov.       Dec.  
Day Rise  Set  Rise  Set  Rise  Set  Rise  Set  Rise  Set  Rise  Set  Rise  Set  Rise  Set  Rise  Set  Rise  Set  Rise  Set  Rise  Set
     h m  h m   h m  h m   h m  h m   h m  h m   h m  h m   h m  h m   h m  h m   h m  h m   h m  h m   h m  h m   h m  h m   h m  h m
01  0854 1611  0820 1706  0719 1804  0601 1906  0449 2004  0358 2057  0355 2111  0438 2032  0535 1922  0631 1805  0732 1652  0830 1606
02  0854 1613  0818 1708  0717 1806  0558 1908  0447 2006  0357 2058  0355 2110  0439 2030  0537 1919  0633 1802  0734 1650  0831 1605
03  0853 1614  0816 1710  0714 1808  0556 1910  0445 2008  0356 2059  0356 2110  0441 2028  0539 1917  0635 1800  0736 1648  0833 1604
04  0853 1615  0814 1712  0712 1810  0553 1912  0443 2010  0355 2100  0357 2109  0443 2026  0541 1914  0637 1757  0739 1646  0834 1604
05  0852 1617  0812 1714  0709 1812  0551 1914  0441 2012  0354 2101  0358 2108  0445 2024  0542 1912  0639 1755  0741 1644  0836 1603
06  0852 1618  0810 1716  0707 1814  0548 1915  0439 2014  0353 2102  0359 2108  0447 2022  0544 1909  0641 1752  0743 1642  0837 1602
07  0851 1619  0808 1718  0704 1817  0546 1917  0437 2016  0353 2103  0400 2107  0448 2020  0546 1906  0643 1750  0745 1640  0839 1602
08  0851 1621  0806 1721  0702 1819  0543 1919  0435 2017  0352 2104  0401 2106  0450 2018  0548 1904  0645 1747  0747 1638  0840 1601
09  0850 1622  0804 1723  0659 1821  0541 1921  0433 2019  0352 2105  0402 2105  0452 2015  0550 1901  0646 1745  0749 1636  0841 1601
10  0849 1624  0802 1725  0657 1823  0538 1923  0431 2021  0351 2106  0404 2104  0454 2013  0552 1859  0648 1742  0751 1634  0842 1601
11  0848 1626  0800 1727  0654 1825  0536 1925  0429 2023  0351 2107  0405 2103  0456 2011  0554 1856  0650 1740  0753 1632  0844 1601
12  0848 1627  0758 1729  0652 1827  0533 1927  0427 2025  0350 2108  0406 2102  0458 2009  0555 1854  0652 1738  0755 1631  0845 1600
13  0847 1629  0756 1731  0649 1829  0531 1929  0425 2027  0350 2108  0407 2101  0459 2007  0557 1851  0654 1735  0757 1629  0846 1600
14  0846 1631  0754 1733  0647 1831  0529 1931  0423 2028  0350 2109  0409 2100  0501 2005  0559 1849  0656 1733  0759 1627  0847 1600
15  0845 1632  0752 1735  0644 1832  0526 1933  0422 2030  0349 2110  0410 2059  0503 2002  0601 1846  0658 1730  0801 1626  0848 1600
16  0844 1634  0749 1737  0642 1834  0524 1935  0420 2032  0349 2110  0411 2058  0505 2000  0603 1843  0700 1728  0803 1624  0848 1600
17  0842 1636  0747 1740  0639 1836  0521 1937  0418 2034  0349 2111  0413 2056  0507 1958  0605 1841  0702 1725  0805 1623  0849 1601
18  0841 1638  0745 1742  0637 1838  0519 1939  0416 2035  0349 2111  0414 2055  0509 1955  0607 1838  0704 1723  0807 1621  0850 1601
19  0840 1640  0743 1744  0634 1840  0516 1941  0415 2037  0349 2111  0416 2054  0511 1953  0609 1836  0706 1721  0808 1620  0851 1601
20  0839 1642  0740 1746  0632 1842  0514 1943  0413 2039  0349 2112  0417 2052  0513 1951  0610 1833  0708 1718  0810 1618  0851 1602
21  0837 1644  0738 1748  0629 1844  0512 1945  0412 2040  0350 2112  0419 2051  0514 1948  0612 1831  0710 1716  0812 1617  0852 1602
22  0836 1646  0736 1750  0626 1846  0509 1947  0410 2042  0350 2112  0421 2049  0516 1946  0614 1828  0712 1714  0814 1615  0852 1603
23  0835 1648  0733 1752  0624 1848  0507 1949  0409 2044  0350 2112  0422 2048  0518 1944  0616 1825  0714 1711  0816 1614  0853 1603
24  0833 1650  0731 1754  0621 1850  0505 1951  0407 2045  0350 2112  0424 2046  0520 1941  0618 1823  0716 1709  0818 1613  0853 1604
25  0832 1652  0729 1756  0619 1852  0503 1953  0406 2047  0351 2112  0426 2044  0522 1939  0620 1820  0718 1707  0820 1612  0854 1604
26  0830 1654  0726 1758  0616 1854  0500 1955  0405 2048  0351 2112  0427 2043  0524 1936  0622 1818  0720 1705  0821 1611  0854 1605
27  0828 1656  0724 1800  0614 1856  0458 1956  0403 2050  0352 2112  0429 2041  0526 1934  0624 1815  0722 1703  0823 1609  0854 1606
28  0827 1658  0722 1802  0611 1858  0456 1958  0402 2051  0352 2112  0431 2039  0528 1932  0625 1813  0724 1700  0825 1608  0854 1607
29  0825 1700             0609 1900  0454 2000  0401 2053  0353 2111  0432 2037  0529 1929  0627 1810  0726 1658  0826 1607  0854 1608
30  0823 1702             0606 1902  0451 2002  0400 2054  0354 2111  0434 2035  0531 1927  0629 1808  0728 1656  0828 1607  0854 1609
31  0822 1704             0604 1904             0359 2055             0436 2034  0533 1924             0730 1654             0854 1610

