             o  ,    o  ,                                      LOWESTOFT                               Astronomical Applications Dept.
Location: W001 45, N52 28                          Rise and Set for the Sun for 2018                   U. S. Naval Observatory        
                                                                                                       Washington, DC  20392-5420     
                                                            Universal Time                                                            
                                                                                                                                      
                                                                                                                                      
       Jan.       Feb.       Mar.       Apr.       May        June       July       Aug.       Sept.      Oct.       Nov.       Dec.  
Day Rise  Set  Rise  Set  Rise  Set  Rise  Set  Rise  Set  Rise  Set  Rise  Set  Rise  Set  Rise  Set  Rise  Set  Rise  Set  Rise  Set
     h m  h m   h m  h m   h m  h m   h m  h m   h m  h m   h m  h m   h m  h m   h m  h m   h m  h m   h m  h m   h m  h m   h m  h m
01  0818 1604  0749 1653  0654 1746  0542 1841  0436 1933  0351 2020  0349 2033  0427 1959  0518 1855  0608 1745  0703 1638  0755 1557
02  0817 1605  0747 1655  0651 1748  0539 1843  0434 1935  0350 2021  0349 2032  0428 1957  0519 1853  0610 1742  0705 1636  0756 1556
03  0817 1606  0745 1657  0649 1750  0537 1845  0432 1937  0349 2022  0350 2032  0430 1955  0521 1851  0611 1740  0707 1634  0757 1556
04  0817 1607  0744 1659  0647 1751  0535 1846  0430 1938  0348 2023  0351 2031  0431 1954  0523 1848  0613 1738  0708 1632  0759 1555
05  0817 1608  0742 1701  0645 1753  0532 1848  0429 1940  0348 2024  0352 2031  0433 1952  0524 1846  0615 1735  0710 1630  0800 1555
06  0816 1610  0740 1703  0642 1755  0530 1850  0427 1942  0347 2025  0353 2030  0435 1950  0526 1844  0616 1733  0712 1628  0801 1554
07  0816 1611  0738 1704  0640 1757  0528 1852  0425 1943  0346 2026  0354 2030  0436 1948  0528 1841  0618 1731  0714 1627  0803 1554
08  0815 1612  0737 1706  0638 1759  0526 1853  0423 1945  0346 2027  0355 2029  0438 1946  0529 1839  0620 1728  0716 1625  0804 1554
09  0815 1614  0735 1708  0636 1800  0523 1855  0421 1947  0345 2027  0356 2028  0440 1944  0531 1837  0622 1726  0718 1623  0805 1553
10  0814 1615  0733 1710  0633 1802  0521 1857  0420 1948  0345 2028  0357 2027  0441 1942  0533 1834  0623 1724  0719 1622  0806 1553
11  0813 1617  0731 1712  0631 1804  0519 1859  0418 1950  0345 2029  0358 2027  0443 1940  0534 1832  0625 1721  0721 1620  0807 1553
12  0813 1618  0729 1714  0629 1806  0516 1900  0416 1952  0344 2030  0359 2026  0445 1938  0536 1829  0627 1719  0723 1619  0808 1553
13  0812 1620  0727 1716  0626 1808  0514 1902  0415 1953  0344 2030  0400 2025  0446 1936  0538 1827  0629 1717  0725 1617  0809 1553
14  0811 1621  0725 1718  0624 1809  0512 1904  0413 1955  0344 2031  0401 2024  0448 1934  0539 1825  0630 1715  0727 1616  0810 1553
15  0810 1623  0723 1720  0622 1811  0510 1905  0411 1956  0344 2031  0402 2023  0449 1932  0541 1822  0632 1713  0728 1614  0811 1553
16  0809 1625  0721 1722  0619 1813  0508 1907  0410 1958  0344 2032  0404 2022  0451 1930  0543 1820  0634 1710  0730 1613  0812 1553
17  0808 1626  0719 1724  0617 1815  0505 1909  0408 1959  0344 2032  0405 2021  0453 1928  0544 1818  0636 1708  0732 1611  0813 1553
18  0807 1628  0717 1725  0615 1816  0503 1911  0407 2001  0344 2033  0406 2019  0454 1926  0546 1815  0638 1706  0734 1610  0813 1554
19  0806 1630  0715 1727  0612 1818  0501 1912  0405 2002  0344 2033  0408 2018  0456 1924  0548 1813  0639 1704  0735 1609  0814 1554
20  0805 1631  0713 1729  0610 1820  0459 1914  0404 2004  0344 2033  0409 2017  0458 1922  0549 1810  0641 1702  0737 1608  0815 1554
21  0804 1633  0711 1731  0608 1822  0457 1916  0403 2005  0344 2034  0410 2016  0459 1920  0551 1808  0643 1700  0739 1606  0815 1555
22  0803 1635  0709 1733  0605 1824  0455 1918  0401 2007  0344 2034  0412 2014  0501 1918  0553 1806  0645 1657  0741 1605  0816 1555
23  0802 1637  0707 1735  0603 1825  0452 1919  0400 2008  0345 2034  0413 2013  0503 1915  0554 1803  0647 1655  0742 1604  0816 1556
24  0800 1638  0705 1737  0601 1827  0450 1921  0359 2010  0345 2034  0415 2011  0504 1913  0556 1801  0648 1653  0744 1603  0817 1557
25  0759 1640  0702 1739  0558 1829  0448 1923  0358 2011  0345 2034  0416 2010  0506 1911  0558 1759  0650 1651  0745 1602  0817 1557
26  0758 1642  0700 1740  0556 1831  0446 1925  0357 2012  0346 2034  0418 2009  0508 1909  0559 1756  0652 1649  0747 1601  0817 1558
27  0756 1644  0658 1742  0554 1832  0444 1926  0355 2014  0346 2034  0419 2007  0509 1907  0601 1754  0654 1647  0749 1600  0817 1559
28  0755 1646  0656 1744  0551 1834  0442 1928  0354 2015  0347 2034  0421 2005  0511 1904  0603 1752  0656 1645  0750 1559  0818 1600
29  0753 1648             0549 1836  0440 1930  0353 2016  0347 2033  0422 2004  0513 1902  0604 1749  0657 1643  0752 1558  0818 1601
30  0752 1649             0546 1838  0438 1932  0352 2017  0348 2033  0424 2002  0514 1900  0606 1747  0659 1641  0753 1558  0818 1601
31  0750 1651             0544 1839             0352 2019             0425 2001  0516 1857             0701 1639             0818 1602

